function [outA, outB] = fuzzy_pontos_ident()
A =[
    0.9989   -0.0005    0.0006   -0.0001;
    0.0004    0.9994   -0.0012    0.0012;
   -0.0005   -0.0002    1.0003   -0.0003;
   -0.0001   -0.0020    0.0021    0.9985
   ];

B =[
    0.0001    0.0001;
    0.0014   -0.0013;
    0.0006   -0.0004;
    0.0001    0.0002
   ];

outA(:,:,1,1) = A;
outB(:,:,1,1) = B;


A =[
    0.9393   -0.1778    0.0225    0.0571;
   -0.0041    0.8500    0.0215    0.0396;
   -0.1032   -0.7817    0.9478    0.2216;
    0.1469    0.9801    0.0230    0.7180
   ];
B =[
    0.0283    0.0196;
    0.0373   -0.0108;
    0.1750    0.0444;
   -0.2160   -0.0482
   ];

outA(:,:,2,1) = A;
outB(:,:,2,1) = B;