% h1=10 e h2=8
A1=[0.9994   -0.0008    0.0006   -0.0003;
    0.0005    0.9995   -0.0015    0.0015;
   -0.0013    0.0003    1.0008   -0.0008;
   -0.0006   -0.0018    0.0029    0.9974];

B1=1.0e-03*[0.1254    0.1254;
            0.0427    0.0427;
            0.1053    0.1053;
            0.1623    0.1623];

% h1=10 e h2=12
A2=[0.9263   -0.0116    0.0250    0.0100;
   -0.0152    0.9957    0.0052    0.0026;
   -0.0146   -0.0021    1.0044    0.0021;
   -0.0271   -0.0042    0.0091    1.0035];

B2=[-0.0003    0.0141;
    0.0016    0.0016;
    0.0007    0.0021;
   -0.0002    0.0053];

% h1=15 e h2=10
A3=[0.9393   -0.1778    0.0225    0.0571;
   -0.0041    0.8500    0.0215    0.0396;
   -0.1032   -0.7817    0.9478    0.2216;
    0.1469    0.9801    0.0230    0.7180];

B3=[0.0283    0.0196;
    0.0373   -0.0108;
    0.1750    0.0444;
   -0.2160   -0.0482];

% h1=15 e h2=12
A4=[0.9393   -0.1778    0.0225    0.0571;
   -0.0041    0.8500    0.0215    0.0396;
   -0.1032   -0.7817    0.9478    0.2216;
    0.1469    0.9801    0.0230    0.7180];

B4=[0.0283    0.0196;
    0.0373   -0.0108;
    0.1750    0.0444;
   -0.2160   -0.0482];
