% % Fase Mínima
% k1 = 3.33;
% k2 = 3.35;
% gamma1 = 0.60;
% gamma2 = 0.70;
% h01 = 5;
% h02 = 5;
% h03 = 0.0334;
% h04 = 2.9076;
% v01 = 3.2321;
% v02 = 0.5716;

% Fase Não Mínima
% k1 = 3.15;
% k2 = 3.29;
% gamma1 = 0.43;
% gamma2 = 0.34;
% h01 = 5;
% h02 = 5;
% h03 = 2.0804;
% h04 = 1.7175;
% v01 = 1.8428;
% v02 = 2.0890;

h01 = 11.8522;
h02 = 12.2311;
h03 = 14.0215;
h04 = 8.5018;
gamma1 = 0.62;
gamma2 = 0.7;
k1 = 8;
k2 = 12;
v01 = 2.25;
v02 = 2.1;
a3 = (1-gamma2)*k2*v02/(sqrt(2*g*h03))
a4 = (1-gamma1)*k2*v01/(sqrt(2*g*h04))
a1 = ((gamma1*k1*v01)+(a3*sqrt(2*g*h03)))/sqrt(2*g*h01)
a2 = ((gamma2*k2*v02)+(a4*sqrt(2*g*h04)))/sqrt(2*g*h02)